[BoxForge]
Version=1
[Box]
Width=300
Length=600
Height=80
Thickness=8
FingerLen=20
FingerSpacing=40
[Layers]
L00=E05252|4|60|20|40
L01=E0A052|4|60|20|40
L02=D8D852|4|60|20|40
L03=7ED852|4|60|20|40
L04=52D89A|4|60|20|40
L05=52C8D8|4|60|20|40
L06=5285E0|4|60|20|40
L07=8F52E0|4|60|20|40
L08=D852D0|4|60|20|40
L09=E05285|4|60|20|40
L10=F08C8C|4|60|20|40
L11=F0C48C|4|60|20|40
L12=E8E88C|4|60|20|40
L13=ACE88C|4|60|20|40
L14=8CE8C2|4|60|20|40
L15=8CDCE8|4|60|20|40
L16=8CB0F0|4|60|20|40
L17=B88CF0|4|60|20|40
L18=E88CE4|4|60|20|40
L19=F08CB0|4|60|20|40
L20=9E3A3A|4|60|20|40
L21=9E713A|4|60|20|40
L22=97973A|4|60|20|40
L23=58973A|4|60|20|40
L24=3A976C|4|60|20|40
L25=3A8C97|4|60|20|40
L26=3A5D9E|4|60|20|40
L27=643A9E|4|60|20|40
L28=973A92|4|60|20|40
L29=9E3A5D|4|60|20|40
[Separators]
Count=6
NextId=25
NextGroup=5
S0=15|0|1|329.66881910659|150|0
S1=16|0|1|349.66881910659|150|0
S2=17|3|0|77.0293970219667|168.834409553295|0
S3=18|3|0|77.0293970219667|339.66881910659|0
S4=19|3|0|77.0293970219667|470.834409553295|0
S5=20|0|1|339.66881910659|184.514698510983|0
